110 110 110 110 110 110 110 110 110 110 110 110 
111 110 110 110 110 110 110 110 110 110 110 110 110 
112 110 110 110 110 110 110 110 110 110 110 110 110 
113 110 110 110 110 110 110 110 110 110 110 110 110 
114 110 110 110 110 110 110 110 110 110 110 110 110 
115 110 110 110 110 110 110 110 110 110 110 110 110 
116 110 110 110 110 110 110 110 110 110 110 110 110 
117 110 110 110 110 110 110 110 110 110 110 110 110 
118 110 110 110 110 110 110 110 110 110 110 110 110 
119 110 110 110 110 110 110 110 110 110 110 110 110 
112 110 110 110 110 110 110 110 110 110 110 110 110 
121 110 110 110 110 110 110 110 110 110 110 110 110 
122 110 110 110 110 110 110 110 110 110 110 110 110 
Douglas Américo 110 110 110 110 110 110 110 110 110 